"Tindex","Aindex","Sindex","TAindex","TSindex","ASindex","R"
1,1,1,1,1,1,-0.0354411427525233
1,1,2,1,2,2,0.0354411427525234
1,2,1,2,1,3,-0.0421539902558697
1,2,2,2,2,4,0.0421539902558697
1,3,1,3,1,5,0.0014455168050439
1,3,2,3,2,6,-0.0014455168050439
1,4,1,4,1,7,0.000628627003948994
1,4,2,4,2,8,-0.000628627003948994
1,5,1,5,1,9,0.00194946296006965
1,5,2,5,2,10,-0.00194946296006965
1,6,1,6,1,11,0.00168351368003422
1,6,2,6,2,12,-0.00168351368003422
1,7,1,7,1,13,-0.000875651496668545
1,7,2,7,2,14,0.000875651496668545
1,8,1,8,1,15,0.0658037979059419
1,8,2,8,2,16,-0.0658037979059419
1,9,1,9,1,17,0.0806422816736666
1,9,2,9,2,18,-0.0806422816736666
1,10,1,10,1,19,0.0759258233694839
1,10,2,10,2,20,-0.0759258233694839
1,11,1,11,1,21,0.0228279290708122
1,11,2,11,2,22,-0.0228279290708122
1,12,1,12,1,23,-0.0200106111986958
1,12,2,12,2,24,0.0200106111986958
1,13,1,13,1,25,-0.0346133426351299
1,13,2,13,2,26,0.0346133426351299
1,14,1,14,1,27,-0.0164921803792956
1,14,2,14,2,28,0.0164921803792956
1,15,1,15,1,29,-1.98152066004376e-05
1,15,2,15,2,30,1.98152066004376e-05
1,16,1,16,1,31,0.00410377574041532
1,16,2,16,2,32,-0.00410377574041532
1,17,1,17,1,33,0.00478837894445188
1,17,2,17,2,34,-0.00478837894445188
1,18,1,18,1,35,0.00651935507070187
1,18,2,18,2,36,-0.00651935507070187
1,19,1,19,1,37,-0.00103681723670505
1,19,2,19,2,38,0.00103681723670505
1,20,1,20,1,39,-0.0154069161033668
1,20,2,20,2,40,0.0154069161033668
1,21,1,21,1,41,-0.0276818514901957
1,21,2,21,2,42,0.0276818514901957
1,22,1,22,1,43,-0.039747870602224
1,22,2,22,2,44,0.039747870602224
1,23,1,23,1,45,-0.0639217287402539
1,23,2,23,2,46,0.0639217287402539
1,24,1,24,1,47,0.0310834558729581
1,24,2,24,2,48,-0.0310834558729581
2,1,1,25,3,1,-0.0272377220943809
2,1,2,25,4,2,0.0272377220943809
2,2,1,26,3,3,-0.033241703645318
2,2,2,26,4,4,0.033241703645318
2,3,1,27,3,5,0.00527082038899135
2,3,2,27,4,6,-0.00527082038899135
2,4,1,28,3,7,-0.00767833059303492
2,4,2,28,4,8,0.00767833059303492
2,5,1,29,3,9,-0.000496988592988412
2,5,2,29,4,10,0.000496988592988412
2,6,1,30,3,11,0.00857972907567761
2,6,2,30,4,12,-0.00857972907567761
2,7,1,31,3,13,-0.0277708174598118
2,7,2,31,4,14,0.0277708174598118
2,8,1,32,3,15,0.0235890854501596
2,8,2,32,4,16,-0.0235890854501596
2,9,1,33,3,17,0.0502269468017431
2,9,2,33,4,18,-0.0502269468017431
2,10,1,34,3,19,0.0541458272300156
2,10,2,34,4,20,-0.0541458272300156
2,11,1,35,3,21,0.018713441182215
2,11,2,35,4,22,-0.018713441182215
2,12,1,36,3,23,-0.0220662851335907
2,12,2,36,4,24,0.0220662851335907
2,13,1,37,3,25,-0.022542690403832
2,13,2,37,4,26,0.022542690403832
2,14,1,38,3,27,-0.00877802518157123
2,14,2,38,4,28,0.00877802518157123
2,15,1,39,3,29,0.00488550617289557
2,15,2,39,4,30,-0.00488550617289557
2,16,1,40,3,31,0.010537883855967
2,16,2,40,4,32,-0.010537883855967
2,17,1,41,3,33,0.0117021338105891
2,17,2,41,4,34,-0.0117021338105891
2,18,1,42,3,35,0.0139987510024233
2,18,2,42,4,36,-0.0139987510024233
2,19,1,43,3,37,0.00759823086412172
2,19,2,43,4,38,-0.00759823086412172
2,20,1,44,3,39,-0.00467003273452825
2,20,2,44,4,40,0.00467003273452825
2,21,1,45,3,41,-0.0171432289333968
2,21,2,45,4,42,0.0171432289333968
2,22,1,46,3,43,-0.0302302587223713
2,22,2,46,4,44,0.0302302587223713
2,23,1,47,3,45,-0.0640214193153307
2,23,2,47,4,46,0.0640214193153307
2,24,1,48,3,47,0.056629146975356
2,24,2,48,4,48,-0.056629146975356
3,1,1,49,5,1,-0.0183286910373986
3,1,2,49,6,2,0.0183286910373986
3,2,1,50,5,3,-0.0211043792427496
3,2,2,50,6,4,0.0211043792427496
3,3,1,51,5,5,-0.0342704893674426
3,3,2,51,6,6,0.0342704893674426
3,4,1,52,5,7,-0.00693783029044613
3,4,2,52,6,8,0.00693783029044613
3,5,1,53,5,9,-0.0194859797003871
3,5,2,53,6,10,0.0194859797003871
3,6,1,54,5,11,-0.0202740843362634
3,6,2,54,6,12,0.0202740843362634
3,7,1,55,5,13,-0.0276031012814677
3,7,2,55,6,14,0.0276031012814677
3,8,1,56,5,15,-0.00916042271373602
3,8,2,56,6,16,0.00916042271373602
3,9,1,57,5,17,0.00593080982169314
3,9,2,57,6,18,-0.00593080982169314
3,10,1,58,5,19,0.0173600623983867
3,10,2,58,6,20,-0.0173600623983867
3,11,1,59,5,21,0.0102368184198259
3,11,2,59,6,22,-0.0102368184198259
3,12,1,60,5,23,-0.0260455587030718
3,12,2,60,6,24,0.0260455587030718
3,13,1,61,5,25,-0.0341120571395803
3,13,2,61,6,26,0.0341120571395803
3,14,1,62,5,27,-0.0172336267189051
3,14,2,62,6,28,0.0172336267189051
3,15,1,63,5,29,0.00718883033977832
3,15,2,63,6,30,-0.00718883033977832
3,16,1,64,5,31,0.0115598918884543
3,16,2,64,6,32,-0.0115598918884543
3,17,1,65,5,33,0.0112725329635614
3,17,2,65,6,34,-0.0112725329635614
3,18,1,66,5,35,0.0137928564715572
3,18,2,66,6,36,-0.0137928564715572
3,19,1,67,5,37,0.0111344648808279
3,19,2,67,6,38,-0.0111344648808279
3,20,1,68,5,39,-0.00322483213843201
3,20,2,68,6,40,0.00322483213843201
3,21,1,69,5,41,-0.0135448079303989
3,21,2,69,6,42,0.0135448079303989
3,22,1,70,5,43,-0.0167087561141396
3,22,2,70,6,44,0.0167087561141396
3,23,1,71,5,45,-0.0183936036133921
3,23,2,71,6,46,0.0183936036133921
3,24,1,72,5,47,0.197951953143726
3,24,2,72,6,48,-0.197951953143726
4,1,1,73,7,1,-0.0226210272663893
4,1,2,73,8,2,0.0226210272663893
4,2,1,74,7,3,-0.0338350096241316
4,2,2,74,8,4,0.0338350096241316
4,3,1,75,7,5,0.00958358924562674
4,3,2,75,8,6,-0.00958358924562674
4,4,1,76,7,7,0.0157496746907958
4,4,2,76,8,8,-0.0157496746907958
4,5,1,77,7,9,-0.0111982649670925
4,5,2,77,8,10,0.0111982649670925
4,6,1,78,7,11,0.00263086834730847
4,6,2,78,8,12,-0.00263086834730847
4,7,1,79,7,13,-0.0285722162556194
4,7,2,79,8,14,0.0285722162556194
4,8,1,80,7,15,-0.0300048982982829
4,8,2,80,8,16,0.0300048982982829
4,9,1,81,7,17,-0.00956223730951464
4,9,2,81,8,18,0.00956223730951464
4,10,1,82,7,19,0.0170193019098609
4,10,2,82,8,20,-0.0170193019098609
4,11,1,83,7,21,0.0215111724053831
4,11,2,83,8,22,-0.0215111724053831
4,12,1,84,7,23,-0.0146360516494255
4,12,2,84,8,24,0.0146360516494255
4,13,1,85,7,25,-0.0218468407328292
4,13,2,85,8,26,0.0218468407328292
4,14,1,86,7,27,-0.00911072201370515
4,14,2,86,8,28,0.00911072201370515
4,15,1,87,7,29,0.006703153482245
4,15,2,87,8,30,-0.006703153482245
4,16,1,88,7,31,0.0120774932970646
4,16,2,88,8,32,-0.0120774932970646
4,17,1,89,7,33,0.0161405873175036
4,17,2,89,8,34,-0.0161405873175036
4,18,1,90,7,35,0.0153211480061181
4,18,2,90,8,36,-0.0153211480061181
4,19,1,91,7,37,0.0104151551323576
4,19,2,91,8,38,-0.0104151551323576
4,20,1,92,7,39,0.000200916633601625
4,20,2,92,8,40,-0.000200916633601625
4,21,1,93,7,41,-0.00966319242243699
4,21,2,93,8,42,0.00966319242243699
4,22,1,94,7,43,-0.00497823154472815
4,22,2,94,8,44,0.00497823154472815
4,23,1,95,7,45,-0.111624954743294
4,23,2,95,8,46,0.111624954743294
4,24,1,96,7,47,0.180300586359584
4,24,2,96,8,48,-0.180300586359584
5,1,1,97,9,1,-0.0107099738809214
5,1,2,97,10,2,0.0107099738809215
5,2,1,98,9,3,-0.0079760260708566
5,2,2,98,10,4,0.0079760260708566
5,3,1,99,9,5,-0.014256480712819
5,3,2,99,10,6,0.014256480712819
5,4,1,100,9,7,0.00296387675268579
5,4,2,100,10,8,-0.00296387675268579
5,5,1,101,9,9,-0.0300925027402889
5,5,2,101,10,10,0.0300925027402889
5,6,1,102,9,11,-0.0258201995211999
5,6,2,102,10,12,0.0258201995211999
5,7,1,103,9,13,-0.030967781131884
5,7,2,103,10,14,0.030967781131884
5,8,1,104,9,15,-0.0197970966142796
5,8,2,104,10,16,0.0197970966142796
5,9,1,105,9,17,-0.0106989416322757
5,9,2,105,10,18,0.0106989416322757
5,10,1,106,9,19,0.0121021599719444
5,10,2,106,10,20,-0.0121021599719444
5,11,1,107,9,21,0.0202071840421587
5,11,2,107,10,22,-0.0202071840421587
5,12,1,108,9,23,-0.0111342250411053
5,12,2,108,10,24,0.0111342250411053
5,13,1,109,9,25,-0.0193727280516297
5,13,2,109,10,26,0.0193727280516297
5,14,1,110,9,27,-0.0151949040480867
5,14,2,110,10,28,0.0151949040480867
5,15,1,111,9,29,-0.00144877931155892
5,15,2,111,10,30,0.00144877931155892
5,16,1,112,9,31,0.0121194863578266
5,16,2,112,10,32,-0.0121194863578266
5,17,1,113,9,33,0.0103234588990129
5,17,2,113,10,34,-0.0103234588990129
5,18,1,114,9,35,0.0104959756817222
5,18,2,114,10,36,-0.0104959756817222
5,19,1,115,9,37,0.00986051946598995
5,19,2,115,10,38,-0.00986051946598995
5,20,1,116,9,39,-0.00425127077143952
5,20,2,116,10,40,0.00425127077143952
5,21,1,117,9,41,-0.0118773929306578
5,21,2,117,10,42,0.0118773929306578
5,22,1,118,9,43,-0.0067889945977552
5,22,2,118,10,44,0.0067889945977552
5,23,1,119,9,45,-0.0355663063545651
5,23,2,119,10,46,0.0355663063545651
5,24,1,120,9,47,0.177880942239983
5,24,2,120,10,48,-0.177880942239983
6,1,1,121,11,1,-0.00145400012436589
6,1,2,121,12,2,0.0014540001243659
6,2,1,122,11,3,0.000121433901648343
6,2,2,122,12,4,-0.000121433901648343
6,3,1,123,11,5,-0.000435528974254071
6,3,2,123,12,6,0.000435528974254071
6,4,1,124,11,7,0.0121003078442733
6,4,2,124,12,8,-0.0121003078442733
6,5,1,125,11,9,-0.0114734853512966
6,5,2,125,12,10,0.0114734853512966
6,6,1,126,11,11,-0.00507013896694108
6,6,2,126,12,12,0.00507013896694108
6,7,1,127,11,13,-0.0116994744502359
6,7,2,127,12,14,0.0116994744502359
6,8,1,128,11,15,-0.0196627484091861
6,8,2,128,12,16,0.0196627484091861
6,9,1,129,11,17,-0.00382015800244419
6,9,2,129,12,18,0.00382015800244419
6,10,1,130,11,19,0.0123211265790307
6,10,2,130,12,20,-0.0123211265790307
6,11,1,131,11,21,0.0293809130135684
6,11,2,131,12,22,-0.0293809130135684
6,12,1,132,11,23,-0.00345490112750567
6,12,2,132,12,24,0.00345490112750567
6,13,1,133,11,25,-0.0158439184040425
6,13,2,133,12,26,0.0158439184040425
6,14,1,134,11,27,-0.0150781965987516
6,14,2,134,12,28,0.0150781965987516
6,15,1,135,11,29,-0.0045274423048072
6,15,2,135,12,30,0.0045274423048072
6,16,1,136,11,31,0.011342648856716
6,16,2,136,12,32,-0.011342648856716
6,17,1,137,11,33,0.00822371629164298
6,17,2,137,12,34,-0.00822371629164298
6,18,1,138,11,35,0.00852371948175538
6,18,2,138,12,36,-0.00852371948175538
6,19,1,139,11,37,0.0114342384779843
6,19,2,139,12,38,-0.0114342384779843
6,20,1,140,11,39,0.00175463988777694
6,20,2,140,12,40,-0.00175463988777694
6,21,1,141,11,41,-0.00171474156246162
6,21,2,141,12,42,0.00171474156246162
6,22,1,142,11,43,-0.00676226744018238
6,22,2,142,12,44,0.00676226744018238
6,23,1,143,11,45,-0.0315106586262578
6,23,2,143,12,46,0.0315106586262578
6,24,1,144,11,47,0.0373049160083363
6,24,2,144,12,48,-0.0373049160083363
7,1,1,145,13,1,0.00646497032562948
7,1,2,145,14,2,-0.00646497032562947
7,2,1,146,13,3,0.00624430427570272
7,2,2,146,14,4,-0.00624430427570272
7,3,1,147,13,5,-0.0168973393074531
7,3,2,147,14,6,0.0168973393074531
7,4,1,148,13,7,0.0101453772854453
7,4,2,148,14,8,-0.0101453772854453
7,5,1,149,13,9,0.00711660077765447
7,5,2,149,14,10,-0.00711660077765447
7,6,1,150,13,11,0.0158774589898169
7,6,2,150,14,12,-0.0158774589898169
7,7,1,151,13,13,-0.00550744360202735
7,7,2,151,14,14,0.00550744360202735
7,8,1,152,13,15,-0.0142882270418206
7,8,2,152,14,16,0.0142882270418206
7,9,1,153,13,17,0.0010800488352989
7,9,2,153,14,18,-0.0010800488352989
7,10,1,154,13,19,0.00494011934552643
7,10,2,154,14,20,-0.00494011934552643
7,11,1,155,13,21,0.0235518983008156
7,11,2,155,14,22,-0.0235518983008156
7,12,1,156,13,23,0.00170252060177816
7,12,2,156,14,24,-0.00170252060177816
7,13,1,157,13,25,-0.0172044644946564
7,13,2,157,14,26,0.0172044644946564
7,14,1,158,13,27,-0.0113793543733051
7,14,2,158,14,28,0.0113793543733051
7,15,1,159,13,29,0.000595740407702613
7,15,2,159,14,30,-0.000595740407702613
7,16,1,160,13,31,0.010386763121473
7,16,2,160,14,32,-0.010386763121473
7,17,1,161,13,33,0.0107129546042215
7,17,2,161,14,34,-0.0107129546042215
7,18,1,162,13,35,0.00686221679730321
7,18,2,162,14,36,-0.00686221679730321
7,19,1,163,13,37,0.00763759765317013
7,19,2,163,14,38,-0.00763759765317013
7,20,1,164,13,39,0.00468499234920355
7,20,2,164,14,40,-0.00468499234920355
7,21,1,165,13,41,-0.00122400566560046
7,21,2,165,14,42,0.00122400566560046
7,22,1,166,13,43,-0.00916188394214651
7,22,2,166,14,44,0.00916188394214651
7,23,1,167,13,45,-0.0293555918618417
7,23,2,167,14,46,0.0293555918618417
7,24,1,168,13,47,-0.0129852533818908
7,24,2,168,14,48,0.0129852533818908
8,1,1,169,15,1,0.0110145917442053
8,1,2,169,16,2,-0.0110145917442053
8,2,1,170,15,3,0.0336329094121631
8,2,2,170,16,4,-0.0336329094121631
8,3,1,171,15,5,9.74357939312331e-06
8,3,2,171,16,6,-9.74357939313719e-06
8,4,1,172,15,7,0.00225256795760561
8,4,2,172,16,8,-0.00225256795760561
8,5,1,173,15,9,-0.00668334153296526
8,5,2,173,16,10,0.00668334153296526
8,6,1,174,15,11,0.0176007355358092
8,6,2,174,16,12,-0.0176007355358092
8,7,1,175,15,13,0.0185513350614765
8,7,2,175,16,14,-0.0185513350614765
8,8,1,176,15,15,0.000700610618213693
8,8,2,176,16,16,-0.000700610618213693
8,9,1,177,15,17,0.000646215829139873
8,9,2,177,16,18,-0.000646215829139887
8,10,1,178,15,19,0.00665535741547914
8,10,2,178,16,20,-0.00665535741547914
8,11,1,179,15,21,0.0189401020857066
8,11,2,179,16,22,-0.0189401020857066
8,12,1,180,15,23,0.0201884885263145
8,12,2,180,16,24,-0.0201884885263145
8,13,1,181,15,25,-0.00415066903680619
8,13,2,181,16,26,0.00415066903680619
8,14,1,182,15,27,0.00025695520651613
8,14,2,182,16,28,-0.00025695520651613
8,15,1,183,15,29,0.00410032762708759
8,15,2,183,16,30,-0.00410032762708759
8,16,1,184,15,31,0.0117105396073916
8,16,2,184,16,32,-0.0117105396073916
8,17,1,185,15,33,0.0127846895434216
8,17,2,185,16,34,-0.0127846895434216
8,18,1,186,15,35,0.00740291952410799
8,18,2,186,16,36,-0.00740291952410799
8,19,1,187,15,37,0.0163602339672434
8,19,2,187,16,38,-0.0163602339672434
8,20,1,188,15,39,0.0140121212540986
8,20,2,188,16,40,-0.0140121212540986
8,21,1,189,15,41,0.0110495051561141
8,21,2,189,16,42,-0.0110495051561142
8,22,1,190,15,43,-0.00513910984197088
8,22,2,190,16,44,0.00513910984197088
8,23,1,191,15,45,-0.0135077689602814
8,23,2,191,16,46,0.0135077689602814
8,24,1,192,15,47,-0.178389060279464
8,24,2,192,16,48,0.178389060279464
9,1,1,193,17,1,0.0164461541554696
9,1,2,193,18,2,-0.0164461541554695
9,2,1,194,17,3,0.00782065595487569
9,2,2,194,18,4,-0.00782065595487569
9,3,1,195,17,5,-0.00144970509984617
9,3,2,195,18,6,0.00144970509984617
9,4,1,196,17,7,0.0268775234473384
9,4,2,196,18,8,-0.0268775234473384
9,5,1,197,17,9,-0.0108729379480816
9,5,2,197,18,10,0.0108729379480816
9,6,1,198,17,11,-0.0131062773871275
9,6,2,198,18,12,0.0131062773871275
9,7,1,199,17,13,-0.00445121025195089
9,7,2,199,18,14,0.00445121025195089
9,8,1,200,17,15,-0.00561361570829788
9,8,2,200,18,16,0.00561361570829788
9,9,1,201,17,17,-0.0116842733410703
9,9,2,201,18,18,0.0116842733410703
9,10,1,202,17,19,-0.00191886462885885
9,10,2,202,18,20,0.00191886462885885
9,11,1,203,17,21,0.0132863773358333
9,11,2,203,18,22,-0.0132863773358333
9,12,1,204,17,23,0.0146424229069882
9,12,2,204,18,24,-0.0146424229069882
9,13,1,205,17,25,-0.0129859597746067
9,13,2,205,18,26,0.0129859597746067
9,14,1,206,17,27,-0.0141130866589093
9,14,2,206,18,28,0.0141130866589093
9,15,1,207,17,29,-0.00482951777066165
9,15,2,207,18,30,0.00482951777066165
9,16,1,208,17,31,-0.00388663797131313
9,16,2,208,18,32,0.00388663797131313
9,17,1,209,17,33,0.000967705582758903
9,17,2,209,18,34,-0.000967705582758903
9,18,1,210,17,35,-0.00196456152616874
9,18,2,210,18,36,0.00196456152616874
9,19,1,211,17,37,-0.00237897941914844
9,19,2,211,18,38,0.00237897941914844
9,20,1,212,17,39,0.00142653885644095
9,20,2,212,18,40,-0.00142653885644095
9,21,1,213,17,41,-0.00506617878568705
9,21,2,213,18,42,0.00506617878568705
9,22,1,214,17,43,-0.0199341557307224
9,22,2,214,18,44,0.0199341557307224
9,23,1,215,17,45,0.00985723115948148
9,23,2,215,18,46,-0.00985723115948148
9,24,1,216,17,47,0.0229313526032641
9,24,2,216,18,48,-0.0229313526032641
10,1,1,217,19,1,0.00541584546320538
10,1,2,217,20,2,-0.00541584546320537
10,2,1,218,19,3,-0.0239189308983127
10,2,2,218,20,4,0.0239189308983127
10,3,1,219,19,5,0.0038556282426401
10,3,2,219,20,6,-0.0038556282426401
10,4,1,220,19,7,-0.0220695912845336
10,4,2,220,20,8,0.0220695912845336
10,5,1,221,19,9,-0.0303051204301135
10,5,2,221,20,10,0.0303051204301135
10,6,1,222,19,11,0.00342017297413327
10,6,2,222,20,12,-0.00342017297413327
10,7,1,223,19,13,0.0142076542942323
10,7,2,223,20,14,-0.0142076542942323
10,8,1,224,19,15,-0.0170149405334944
10,8,2,224,20,16,0.0170149405334944
10,9,1,225,19,17,-0.00683551502227037
10,9,2,225,20,18,0.00683551502227037
10,10,1,226,19,19,-0.0132163089205592
10,10,2,226,20,20,0.0132163089205592
10,11,1,227,19,21,-0.000766690511173895
10,11,2,227,20,22,0.000766690511173895
10,12,1,228,19,23,0.0219803603286258
10,12,2,228,20,24,-0.0219803603286258
10,13,1,229,19,25,-0.0122011555897283
10,13,2,229,20,26,0.0122011555897283
10,14,1,230,19,27,-0.0134784535528856
10,14,2,230,20,28,0.0134784535528856
10,15,1,231,19,29,-0.0107254971720814
10,15,2,231,20,30,0.0107254971720814
10,16,1,232,19,31,-0.0135496051469523
10,16,2,232,20,32,0.0135496051469523
10,17,1,233,19,33,-0.00334965536489399
10,17,2,233,20,34,0.00334965536489399
10,18,1,234,19,35,-0.00666525713749144
10,18,2,234,20,36,0.00666525713749144
10,19,1,235,19,37,-0.00213115977712976
10,19,2,235,20,38,0.00213115977712976
10,20,1,236,19,39,0.001410441946028
10,20,2,236,20,40,-0.001410441946028
10,21,1,237,19,41,0.00730559548770016
10,21,2,237,20,42,-0.00730559548770016
10,22,1,238,19,43,0.00946247701869571
10,22,2,238,20,44,-0.00946247701869571
10,23,1,239,19,45,0.0587247463602701
10,23,2,239,20,46,-0.0587247463602701
10,24,1,240,19,47,0.0504449592260896
10,24,2,240,20,48,-0.0504449592260896
11,1,1,241,21,1,0.0125130983548205
11,1,2,241,22,2,-0.0125130983548205
11,2,1,242,21,3,0.0389118110478429
11,2,2,242,22,4,-0.0389118110478429
11,3,1,243,21,5,-0.0302483367744595
11,3,2,243,22,6,0.0302483367744595
11,4,1,244,21,7,0.0116304901629312
11,4,2,244,22,8,-0.0116304901629312
11,5,1,245,21,9,0.0138687434558442
11,5,2,245,22,10,-0.0138687434558442
11,6,1,246,21,11,0.0186572081727533
11,6,2,246,22,12,-0.0186572081727533
11,7,1,247,21,13,0.0358300815697054
11,7,2,247,22,14,-0.0358300815697054
11,8,1,248,21,15,-0.00403123690154272
11,8,2,248,22,16,0.00403123690154272
11,9,1,249,21,17,-0.0105848323517467
11,9,2,249,22,18,0.0105848323517467
11,10,1,250,21,19,-0.00161062084704958
11,10,2,250,22,20,0.00161062084704958
11,11,1,251,21,21,0.000662643078565339
11,11,2,251,22,22,-0.000662643078565339
11,12,1,252,21,23,0.0232308590651785
11,12,2,252,22,24,-0.0232308590651785
11,13,1,253,21,25,0.00627439188790256
11,13,2,253,22,26,-0.00627439188790256
11,14,1,254,21,27,-0.00477467540509617
11,14,2,254,22,28,0.00477467540509617
11,15,1,255,21,29,-0.00919722379182106
11,15,2,255,22,30,0.00919722379182106
11,16,1,256,21,31,-0.00385486923243907
11,16,2,256,22,32,0.00385486923243907
11,17,1,257,21,33,-0.00208045532628324
11,17,2,257,22,34,0.00208045532628324
11,18,1,258,21,35,-0.00526847468705515
11,18,2,258,22,36,0.00526847468705515
11,19,1,259,21,37,-0.00214970131700432
11,19,2,259,22,38,0.00214970131700432
11,20,1,260,21,39,0.00657385221454498
11,20,2,260,22,40,-0.00657385221454498
11,21,1,261,21,41,0.00689269308638442
11,21,2,261,22,42,-0.00689269308638442
11,22,1,262,21,43,-0.00535967255157635
11,22,2,262,22,44,0.00535967255157635
11,23,1,263,21,45,-0.0227578171216558
11,23,2,263,22,46,0.0227578171216558
11,24,1,264,21,47,-0.0731279557887439
11,24,2,264,22,48,0.0731279557887439
12,1,1,265,23,1,0.00623069540469331
12,1,2,265,24,2,-0.0062306954046933
12,2,1,266,23,3,-0.0285551650273933
12,2,2,266,24,4,0.0285551650273933
12,3,1,267,23,5,0.00571536210513447
12,3,2,267,24,6,-0.00571536210513447
12,4,1,268,23,7,0.00723882175482365
12,4,2,268,24,8,-0.00723882175482365
12,5,1,269,23,9,0.0150058310340523
12,5,2,269,24,10,-0.0150058310340523
12,6,1,270,23,11,0.0255295446367558
12,6,2,270,24,12,-0.0255295446367558
12,7,1,271,23,13,0.0342580068954196
12,7,2,271,24,14,-0.0342580068954196
12,8,1,272,23,15,0.0134959185652503
12,8,2,272,24,16,-0.0134959185652503
12,9,1,273,23,17,-0.0061348560810885
12,9,2,273,24,18,0.0061348560810885
12,10,1,274,23,19,-0.0081781498933839
12,10,2,274,24,20,0.0081781498933839
12,11,1,275,23,21,-0.0048400271831954
12,11,2,275,24,22,0.0048400271831954
12,12,1,276,23,23,0.0217548419135941
12,12,2,276,24,24,-0.0217548419135941
12,13,1,277,23,25,0.00614472423017581
12,13,2,277,24,26,-0.00614472423017581
12,14,1,278,23,27,-0.00827631740748872
12,14,2,278,24,28,0.00827631740748872
12,15,1,279,23,29,-0.00466490834874233
12,15,2,279,24,30,0.00466490834874233
12,16,1,280,23,31,-0.0129470526858385
12,16,2,280,24,32,0.0129470526858385
12,17,1,281,23,33,-0.00529934365634272
12,17,2,281,24,34,0.00529934365634272
12,18,1,282,23,35,-0.00534061783141251
12,18,2,282,24,36,0.00534061783141251
12,19,1,283,23,37,-0.00330664502089087
12,19,2,283,24,38,0.00330664502089087
12,20,1,284,23,39,0.00297028426001486
12,20,2,284,24,40,-0.00297028426001486
12,21,1,285,23,41,0.00768846036726799
12,21,2,285,24,42,-0.00768846036726799
12,22,1,286,23,43,0.00640785059378007
12,22,2,286,24,44,-0.00640785059378007
12,23,1,287,23,45,0.0244901886298832
12,23,2,287,24,46,-0.0244901886298832
12,24,1,288,23,47,-0.0893874472550687
12,24,2,288,24,48,0.0893874472550687
13,1,1,289,25,1,0.00567520814786729
13,1,2,289,26,2,-0.00567520814786728
13,2,1,290,25,3,-0.00436019776233385
13,2,2,290,26,4,0.00436019776233385
13,3,1,291,25,5,-0.00240682311539191
13,3,2,291,26,6,0.00240682311539191
13,4,1,292,25,7,-0.00431407106926741
13,4,2,292,26,8,0.00431407106926741
13,5,1,293,25,9,0.00909312360861891
13,5,2,293,26,10,-0.00909312360861891
13,6,1,294,25,11,0.0222061728189169
13,6,2,294,26,12,-0.0222061728189169
13,7,1,295,25,13,0.0234514089297264
13,7,2,295,26,14,-0.0234514089297264
13,8,1,296,25,15,0.00965058981329373
13,8,2,296,26,16,-0.00965058981329373
13,9,1,297,25,17,-0.00327195707276585
13,9,2,297,26,18,0.00327195707276585
13,10,1,298,25,19,-0.00446360955492387
13,10,2,298,26,20,0.00446360955492387
13,11,1,299,25,21,-0.00878485722373604
13,11,2,299,26,22,0.00878485722373604
13,12,1,300,25,23,0.0153784644330996
13,12,2,300,26,24,-0.0153784644330996
13,13,1,301,25,25,0.0168682942815787
13,13,2,301,26,26,-0.0168682942815787
13,14,1,302,25,27,0.00041262740857852
13,14,2,302,26,28,-0.00041262740857852
13,15,1,303,25,29,-0.00510274350026069
13,15,2,303,26,30,0.00510274350026069
13,16,1,304,25,31,-0.00974184834879371
13,16,2,304,26,32,0.00974184834879371
13,17,1,305,25,33,-0.00972268655756104
13,17,2,305,26,34,0.00972268655756104
13,18,1,306,25,35,-0.00700460138457844
13,18,2,306,26,36,0.00700460138457844
13,19,1,307,25,37,-0.0036571194171727
13,19,2,307,26,38,0.0036571194171727
13,20,1,308,25,39,0.00167594050640499
13,20,2,308,26,40,-0.00167594050640499
13,21,1,309,25,41,0.0109641343804499
13,21,2,309,26,42,-0.0109641343804499
13,22,1,310,25,43,0.0117875737782862
13,22,2,310,26,44,-0.0117875737782862
13,23,1,311,25,45,0.016018179609918
13,23,2,311,26,46,-0.016018179609918
13,24,1,312,25,47,-0.0803512027099535
13,24,2,312,26,48,0.0803512027099535
14,1,1,313,27,1,0.0010199105273201
14,1,2,313,28,2,-0.00101991052732009
14,2,1,314,27,3,0.0110572757429065
14,2,2,314,28,4,-0.0110572757429065
14,3,1,315,27,5,-0.0124396085622844
14,3,2,315,28,6,0.0124396085622844
14,4,1,316,27,7,-0.0126524531703568
14,4,2,316,28,8,0.0126524531703568
14,5,1,317,27,9,0.0137248654401383
14,5,2,317,28,10,-0.0137248654401383
14,6,1,318,27,11,0.0184275827327235
14,6,2,318,28,12,-0.0184275827327235
14,7,1,319,27,13,0.0182264584247643
14,7,2,319,28,14,-0.0182264584247643
14,8,1,320,27,15,0.0123940668608237
14,8,2,320,28,16,-0.0123940668608237
14,9,1,321,27,17,-0.00652989335676704
14,9,2,321,28,18,0.00652989335676704
14,10,1,322,27,19,-0.0266569328330538
14,10,2,322,28,20,0.0266569328330538
14,11,1,323,27,21,-0.0225047843068265
14,11,2,323,28,22,0.0225047843068265
14,12,1,324,27,23,0.00703728520830195
14,12,2,324,28,24,-0.00703728520830195
14,13,1,325,27,25,0.0208894687580324
14,13,2,325,28,26,-0.0208894687580324
14,14,1,326,27,27,-0.00397781491274961
14,14,2,326,28,28,0.00397781491274961
14,15,1,327,27,29,-0.00942363096276269
14,15,2,327,28,30,0.00942363096276269
14,16,1,328,27,31,-0.0166620154992615
14,16,2,328,28,32,0.0166620154992615
14,17,1,329,27,33,-0.0149882170326874
14,17,2,329,28,34,0.0149882170326874
14,18,1,330,27,35,-0.015607612947998
14,18,2,330,28,36,0.015607612947998
14,19,1,331,27,37,-0.0118785534182987
14,19,2,331,28,38,0.0118785534182987
14,20,1,332,27,39,-0.00754084638561046
14,20,2,332,28,40,0.00754084638561046
14,21,1,333,27,41,-0.0073948029195314
14,21,2,333,28,42,0.0073948029195314
14,22,1,334,27,43,0.00210320136549358
14,22,2,334,28,44,-0.00210320136549358
14,23,1,335,27,45,0.0280380634503919
14,23,2,335,28,46,-0.0280380634503919
14,24,1,336,27,47,0.0353389877972921
14,24,2,336,28,48,-0.0353389877972921
15,1,1,337,29,1,0.00852561799526558
15,1,2,337,30,2,-0.00852561799526556
15,2,1,338,29,3,-0.00682674931298305
15,2,2,338,30,4,0.00682674931298305
15,3,1,339,29,5,-0.0187526395779186
15,3,2,339,30,6,0.0187526395779186
15,4,1,340,29,7,-0.0273326120613092
15,4,2,340,30,8,0.0273326120613092
15,5,1,341,29,9,-0.0138289268792713
15,5,2,341,30,10,0.0138289268792713
15,6,1,342,29,11,-0.0134555360213798
15,6,2,342,30,12,0.0134555360213798
15,7,1,343,29,13,-0.0175855755771793
15,7,2,343,30,14,0.0175855755771793
15,8,1,344,29,15,-0.0148962548693859
15,8,2,344,30,16,0.0148962548693859
15,9,1,345,29,17,-0.0106133327974045
15,9,2,345,30,18,0.0106133327974045
15,10,1,346,29,19,-0.0247528715939312
15,10,2,346,30,20,0.0247528715939312
15,11,1,347,29,21,-0.0304818554684117
15,11,2,347,30,22,0.0304818554684117
15,12,1,348,29,23,-0.00165947651550314
15,12,2,348,30,24,0.00165947651550314
15,13,1,349,29,25,0.0216844078867781
15,13,2,349,30,26,-0.0216844078867781
15,14,1,350,29,27,0.00164744352518681
15,14,2,350,30,28,-0.00164744352518681
15,15,1,351,29,29,-0.00359531829119125
15,15,2,351,30,30,0.00359531829119125
15,16,1,352,29,31,-0.0162025262832677
15,16,2,352,30,32,0.0162025262832677
15,17,1,353,29,33,-0.014137350054096
15,17,2,353,30,34,0.014137350054096
15,18,1,354,29,35,-0.0122693404191209
15,18,2,354,30,36,0.0122693404191209
15,19,1,355,29,37,-0.010025587135081
15,19,2,355,30,38,0.010025587135081
15,20,1,356,29,39,0.0026463066859827
15,20,2,356,30,40,-0.0026463066859827
15,21,1,357,29,41,0.01525168386377
15,21,2,357,30,42,-0.01525168386377
15,22,1,358,29,43,0.0232065439729856
15,22,2,358,30,44,-0.0232065439729856
15,23,1,359,29,45,0.0613361371401991
15,23,2,359,30,46,-0.0613361371401991
15,24,1,360,29,47,0.102117811787267
15,24,2,360,30,48,-0.102117811787267
16,1,1,361,31,1,0.0087047607792896
16,1,2,361,32,2,-0.00870476077928958
16,2,1,362,31,3,0.0224124821147754
16,2,2,362,32,4,-0.0224124821147754
16,3,1,363,31,5,0.0203686990561905
16,3,2,363,32,6,-0.0203686990561905
16,4,1,364,31,7,-0.0266994309143328
16,4,2,364,32,8,0.0266994309143328
16,5,1,365,31,9,0.025807329325078
16,5,2,365,32,10,-0.025807329325078
16,6,1,366,31,11,-0.00907731070644807
16,6,2,366,32,12,0.00907731070644807
16,7,1,367,31,13,0.00227751865054598
16,7,2,367,32,14,-0.00227751865054598
16,8,1,368,31,15,0.000890845272584984
16,8,2,368,32,16,-0.000890845272584984
16,9,1,369,31,17,-0.0178557550398482
16,9,2,369,32,18,0.0178557550398482
16,10,1,370,31,19,-0.0177681796401616
16,10,2,370,32,20,0.0177681796401616
16,11,1,371,31,21,-0.0133083690702786
16,11,2,371,32,22,0.0133083690702786
16,12,1,372,31,23,-0.00160081616874207
16,12,2,372,32,24,0.00160081616874207
16,13,1,373,31,25,0.0330094933184394
16,13,2,373,32,26,-0.0330094933184394
16,14,1,374,31,27,0.0162387885756994
16,14,2,374,32,28,-0.0162387885756994
16,15,1,375,31,29,0.00285012215949912
16,15,2,375,32,30,-0.00285012215949912
16,16,1,376,31,31,-0.00457183020770588
16,16,2,376,32,32,0.00457183020770588
16,17,1,377,31,33,-0.00511058677460822
16,17,2,377,32,34,0.00511058677460822
16,18,1,378,31,35,-0.00300920613567235
16,18,2,378,32,36,0.00300920613567235
16,19,1,379,31,37,-0.00432621756014163
16,19,2,379,32,38,0.00432621756014163
16,20,1,380,31,39,0.00735188699450827
16,20,2,380,32,40,-0.00735188699450827
16,21,1,381,31,41,0.0133588244777658
16,21,2,381,32,42,-0.0133588244777658
16,22,1,382,31,43,0.0320212134386888
16,22,2,382,32,44,-0.0320212134386888
16,23,1,383,31,45,-0.00114681195116992
16,23,2,383,32,46,0.00114681195116992
16,24,1,384,31,47,-0.0808174499939558
16,24,2,384,32,48,0.0808174499939558
17,1,1,385,33,1,0.0043701872333409
17,1,2,385,34,2,-0.00437018723334089
17,2,1,386,33,3,0.0142313840151482
17,2,2,386,34,4,-0.0142313840151482
17,3,1,387,33,5,0.0105559792169118
17,3,2,387,34,6,-0.0105559792169118
17,4,1,388,33,7,0.0209446291197985
17,4,2,388,34,8,-0.0209446291197985
17,5,1,389,33,9,0.0180591172475416
17,5,2,389,34,10,-0.0180591172475416
17,6,1,390,33,11,0.000422748538361717
17,6,2,390,34,12,-0.000422748538361717
17,7,1,391,33,13,0.00588098146567689
17,7,2,391,34,14,-0.00588098146567689
17,8,1,392,33,15,-0.0147588176498626
17,8,2,392,34,16,0.0147588176498626
17,9,1,393,33,17,-0.0118954022939746
17,9,2,393,34,18,0.0118954022939746
17,10,1,394,33,19,-0.0273109133060503
17,10,2,394,34,20,0.0273109133060503
17,11,1,395,33,21,-0.0222453015131997
17,11,2,395,34,22,0.0222453015131997
17,12,1,396,33,23,-0.00319537439535589
17,12,2,396,34,24,0.00319537439535589
17,13,1,397,33,25,0.0279573218281368
17,13,2,397,34,26,-0.0279573218281368
17,14,1,398,33,27,0.0176585361435449
17,14,2,398,34,28,-0.0176585361435449
17,15,1,399,33,29,-0.000713916665481696
17,15,2,399,34,30,0.000713916665481696
17,16,1,400,33,31,-0.00369824285822727
17,16,2,400,34,32,0.00369824285822727
17,17,1,401,33,33,-0.0100751635153186
17,17,2,401,34,34,0.0100751635153186
17,18,1,402,33,35,-0.00585923381967236
17,18,2,402,34,36,0.00585923381967236
17,19,1,403,33,37,-0.011690318153816
17,19,2,403,34,38,0.011690318153816
17,20,1,404,33,39,-0.000903384986910033
17,20,2,404,34,40,0.000903384986910033
17,21,1,405,33,41,0.00245821139713441
17,21,2,405,34,42,-0.00245821139713441
17,22,1,406,33,43,0.010689743369365
17,22,2,406,34,44,-0.010689743369365
17,23,1,407,33,45,0.0449009591395254
17,23,2,407,34,46,-0.0449009591395254
17,24,1,408,33,47,-0.0657837295566169
17,24,2,408,34,48,0.0657837295566169
18,1,1,409,35,1,0.0229230559727045
18,1,2,409,36,2,-0.0229230559727045
18,2,1,410,35,3,0.0357129327443058
18,2,2,410,36,4,-0.0357129327443058
18,3,1,411,35,5,0.0299922676231641
18,3,2,411,36,6,-0.0299922676231641
18,4,1,412,35,7,0.0144593184419267
18,4,2,412,36,8,-0.0144593184419267
18,5,1,413,35,9,0.0317855418867325
18,5,2,413,36,10,-0.0317855418867325
18,6,1,414,35,11,0.00377033513696218
18,6,2,414,36,12,-0.00377033513696218
18,7,1,415,35,13,0.016351618594071
18,7,2,415,36,14,-0.016351618594071
18,8,1,416,35,15,0.0168134128975159
18,8,2,416,36,16,-0.0168134128975159
18,9,1,417,35,17,0.0115504169226102
18,9,2,417,36,18,-0.0115504169226102
18,10,1,418,35,19,-0.00571249743347629
18,10,2,418,36,20,0.00571249743347629
18,11,1,419,35,21,-0.010813076050806
18,11,2,419,36,22,0.010813076050806
18,12,1,420,35,23,0.0138274190257505
18,12,2,420,36,24,-0.0138274190257505
18,13,1,421,35,25,0.0408385077698148
18,13,2,421,36,26,-0.0408385077698148
18,14,1,422,35,27,0.0451750988352655
18,14,2,422,36,28,-0.0451750988352655
18,15,1,423,35,29,0.0214992753351965
18,15,2,423,36,30,-0.0214992753351965
18,16,1,424,35,31,0.0138660025578226
18,16,2,424,36,32,-0.0138660025578226
18,17,1,425,35,33,0.00506474720992828
18,17,2,425,36,34,-0.00506474720992828
18,18,1,426,35,35,0.00800113757978625
18,18,2,426,36,36,-0.00800113757978625
18,19,1,427,35,37,0.00420052011126479
18,19,2,427,36,38,-0.00420052011126479
18,20,1,428,35,39,0.0147368753293132
18,20,2,428,36,40,-0.0147368753293132
18,21,1,429,35,41,0.0287460483770239
18,21,2,429,36,42,-0.0287460483770239
18,22,1,430,35,43,0.0383181585137324
18,22,2,430,36,44,-0.0383181585137324
18,23,1,431,35,45,0.0618733127325628
18,23,2,431,36,46,-0.0618733127325628
18,24,1,432,35,47,-0.462980430113172
18,24,2,432,36,48,0.462980430113172
19,1,1,433,37,1,0.00729880658856871
19,1,2,433,38,2,-0.0072988065885687
19,2,1,434,37,3,0.0179825336087367
19,2,2,434,38,4,-0.0179825336087367
19,3,1,435,37,5,0.0154733362491652
19,3,2,435,38,6,-0.0154733362491652
19,4,1,436,37,7,-0.041576463324546
19,4,2,436,38,8,0.041576463324546
19,5,1,437,37,9,-0.00192606640426699
19,5,2,437,38,10,0.00192606640426699
19,6,1,438,37,11,-0.0280531623434929
19,6,2,438,38,12,0.0280531623434929
19,7,1,439,37,13,-0.00530366283639755
19,7,2,439,38,14,0.00530366283639755
19,8,1,440,37,15,-0.000861378576944571
19,8,2,440,38,16,0.000861378576944571
19,9,1,441,37,17,-0.0207240359476311
19,9,2,441,38,18,0.0207240359476311
19,10,1,442,37,19,-0.0282335930539315
19,10,2,442,38,20,0.0282335930539315
19,11,1,443,37,21,-0.0308143703948609
19,11,2,443,38,22,0.0308143703948609
19,12,1,444,37,23,-0.0151768335562892
19,12,2,444,38,24,0.0151768335562892
19,13,1,445,37,25,0.0140891553801902
19,13,2,445,38,26,-0.0140891553801902
19,14,1,446,37,27,0.0273238492004849
19,14,2,446,38,28,-0.0273238492004849
19,15,1,447,37,29,-0.000735483421452537
19,15,2,447,38,30,0.000735483421452537
19,16,1,448,37,31,-0.00837036935054623
19,16,2,448,38,32,0.00837036935054623
19,17,1,449,37,33,-0.015256667016215
19,17,2,449,38,34,0.015256667016215
19,18,1,450,37,35,-0.0140951297180125
19,18,2,450,38,36,0.0140951297180125
19,19,1,451,37,37,-0.0175113950334602
19,19,2,451,38,38,0.0175113950334602
19,20,1,452,37,39,-0.0106518148627291
19,20,2,452,38,40,0.0106518148627291
19,21,1,453,37,41,-0.00651244503051063
19,21,2,453,38,42,0.00651244503051063
19,22,1,454,37,43,0.0109775543390152
19,22,2,454,38,44,-0.0109775543390152
19,23,1,455,37,45,0.050946680113425
19,23,2,455,38,46,-0.050946680113425
19,24,1,456,37,47,0.101710955391701
19,24,2,456,38,48,-0.101710955391701
20,1,1,457,39,1,-0.000810345536400581
20,1,2,457,40,2,0.000810345536400595
20,2,1,458,39,3,0.013844429021843
20,2,2,458,40,4,-0.013844429021843
20,3,1,459,39,5,0.0288860089796082
20,3,2,459,40,6,-0.0288860089796082
20,4,1,460,39,7,0.0242695682462536
20,4,2,460,40,8,-0.0242695682462536
20,5,1,461,39,9,-4.70011889777133e-05
20,5,2,461,40,10,4.70011889777133e-05
20,6,1,462,39,11,-0.0239493613564006
20,6,2,462,40,12,0.0239493613564006
20,7,1,463,39,13,-0.00869812954237606
20,7,2,463,40,14,0.00869812954237606
20,8,1,464,39,15,0.00675130993304965
20,8,2,464,40,16,-0.00675130993304965
20,9,1,465,39,17,-0.0198655296353502
20,9,2,465,40,18,0.0198655296353502
20,10,1,466,39,19,-0.0406472365143477
20,10,2,466,40,20,0.0406472365143477
20,11,1,467,39,21,-0.0347591472123955
20,11,2,467,40,22,0.0347591472123955
20,12,1,468,39,23,-0.0207625285203462
20,12,2,468,40,24,0.0207625285203462
20,13,1,469,39,25,0.00711806092179253
20,13,2,469,40,26,-0.00711806092179253
20,14,1,470,39,27,0.0291740583554738
20,14,2,470,40,28,-0.0291740583554738
20,15,1,471,39,29,0.0071613212230172
20,15,2,471,40,30,-0.0071613212230172
20,16,1,472,39,31,-0.00421948769878589
20,16,2,472,40,32,0.00421948769878589
20,17,1,473,39,33,-0.011960779869086
20,17,2,473,40,34,0.011960779869086
20,18,1,474,39,35,-0.0138340440082932
20,18,2,474,40,36,0.0138340440082932
20,19,1,475,39,37,-0.00854846706411105
20,19,2,475,40,38,0.00854846706411105
20,20,1,476,39,39,-0.0127956989349024
20,20,2,476,40,40,0.0127956989349024
20,21,1,477,39,41,-0.00189250892273349
20,21,2,477,40,42,0.00189250892273349
20,22,1,478,39,43,-0.000163115302225902
20,22,2,478,40,44,0.000163115302225902
20,23,1,479,39,45,0.0356211629523853
20,23,2,479,40,46,-0.0356211629523853
20,24,1,480,39,47,0.0501274616733092
20,24,2,480,40,48,-0.0501274616733092
